            NOTA: Usar
               como
           distania entre
           termocuplas=
              9.0 cm.



Toma 1                                      Toma 2
                                                       Tiempo
ESTADO Tiempo (s)           V1      V2      ESTADO        (s)   V1       V2

Apagado         0.5         13.40    8.05   Apagado     0.5      11.60        4.25
-               1.0         13.40    8.05   -           1.0      11.60        4.25
-               1.5         13.30    8.15   -           1.5      11.70        4.35
-               2.0         13.10    8.20   -           2.0      11.60        4.40
-               2.5         12.90    8.20   -           2.5      11.50        4.50
-               3.0         12.70    8.15   -           3.0      11.40        4.55
-               3.5         12.40    8.00   -           3.5      11.30        4.60
-               4.0         12.20    7.85   -           4.0      11.10        4.60
-               4.5         11.90    7.60   -           4.5      11.00        4.50
-               5.0         11.70    7.35   -           5.0      10.80        4.40
Prendido        5.5         10.90    6.45   Prendido    5.5      10.50        4.15
-               6.0         10.80    6.00   -           6.0      10.40        3.95
-               6.5         10.70    5.65   -           6.5      10.40        3.75
-               7.0         10.80    5.20   -           7.0      10.40        3.50
-               7.5         10.90    4.80   -           7.5      10.50        3.35
-               8.0         11.00    4.60   -           8.0      10.60        3.20
-               8.5         11.10    4.45   -           8.5      10.70        3.05
-               9.0         11.20    4.35   -           9.0      10.80        2.95
-               9.5         11.30    4.25   -           9.5      10.90        2.90
-               10.0        11.40    4.20   -           10.0     11.10        2.90
Apagado         10.5        11.60    4.25   Apagado     10.5     11.20        2.95
-               11.0        11.60    4.25   -           11.0     11.30        3.05
-               11.5        11.70    4.35   -           11.5     11.30        3.15
-               12.0        11.60    4.40   -           12.0     11.30        3.25
-               12.5        11.50    4.50   -           12.5     11.20        3.35
-               13.0        11.40    4.55   -           13.0     11.10        3.45
-               13.5        11.30    4.60   -           13.5     11.00        3.50
-               14.0        11.10    4.60   -           14.0     10.90        3.50
-               14.5        11.00    4.50   -           14.5     10.77        3.50
-               15.0        10.80    4.40   -           15.0     10.60        3.40
Prendido        15.5        10.50    4.15   Prendido    15.5     10.30        3.20
-               16.0        10.40    3.95   -           16.0     10.20        3.05
-               16.5        10.40    3.75   -           16.5     10.20        2.85
-               17.0        10.40    3.50   -           17.0     10.20        2.70
-               17.5        10.50    3.35   -           17.5     10.30        2.50
-               18.0        10.60    3.20   -           18.0     10.40        2.35
-               18.5        10.70    3.05   -           18.5     10.50        2.25
-               19.0        10.80    2.95   -           19.0     10.70        2.25
-               19.5        10.90    2.90   -           19.5     10.80        2.15
-               20.0        11.10    2.90   -           20.0     10.90        2.15
Apagado         20.5        11.20    2.95   Apagado     20.5     11.10        2.30
-               21.0        11.30    3.05   -           21.0     11.20        2.40
-               21.5        11.30    3.15   -           21.5     11.20        2.65
-               22.0        11.30    3.25   -           22.0     11.10        2.75
-               22.5        11.20    3.35   -           22.5     11.00        2.85
-               23.0        11.10    3.45   -           23.0     10.90        2.90
-               23.5        11.00    3.50   -           23.5     10.80        2.95
-               24.0        10.90    3.50   -           24.0     10.60        2.95
-               24.5        10.77    3.50   -           24.5     10.50        2.90
-               25.0        10.60    3.40   -           25.0     10.30        2.80
Prendido        25.5        10.30    3.20   Prendido    25.5     10.00        2.50
-               26.0        10.20    3.05   -           26.0     10.00        2.35
-               26.5        10.20    2.85   -           26.5     10.00        2.15
-               27.0        10.20    2.70   -           27.0     10.10        1.95
-               27.5        10.30    2.50   -           27.5     10.10        1.75
-               28.0        10.40    2.35   -           28.0     10.20        1.60
-               28.5        10.50    2.25   -           28.5     10.40        1.55
-               29.0        10.70    2.25   -           29.0     10.50        1.50
-          29.5   10.80   2.15   -          29.5   10.60   1.50
-          30.0   10.90   2.15   -          30.0   10.70   1.50
Apagado    30.5   11.10   2.30   Apagado    30.5   10.90   1.65
-          31.0   11.20   2.40   -          31.0   11.00   1.70
-          31.5   11.20   2.65   -          31.5   11.00   1.85
-          32.0   11.10   2.75   -          32.0   11.00   2.00
-          32.5   11.00   2.85   -          32.5   10.90   2.10
-          33.0   10.90   2.90   -          33.0   10.80   2.25
-          33.5   10.80   2.95   -          33.5   10.80   2.30
-          34.0   10.60   2.95   -          34.0   10.60   2.40
-          34.5   10.50   2.90   -          34.5   10.50   2.35
-          35.0   10.30   2.80   -          35.0   10.40   2.35
Prendido   35.5   10.00   2.50   Prendido   35.5    9.90   1.95
-          36.0   10.00   2.35   -          36.0    9.80   1.80
-          36.5   10.00   2.15   -          36.5    9.80   1.55
-          37.0   10.10   1.95   -          37.0    9.90   1.35
-          37.5   10.10   1.75   -          37.5   10.00   1.20
-          38.0   10.20   1.60   -          38.0   10.10   1.10
-          38.5   10.40   1.55   -          38.5   10.20   1.00
-          39.0   10.50   1.50   -          39.0   10.30   0.90
-          39.5   10.60   1.50   -          39.5   10.40   0.85
-          40.0   10.70   1.50   -          40.0   10.50   0.90
